ft:
  foot: 1
  m: 0.3047999902464003
  cm: 30.47999902464003
foot:
  ft: 1
  m: 0.3047999902464003
  cm: 30.47999902464003
'''':
  inch: 1
  m: 0.3047999902464003
  cm: 30.47999902464003
inch:
  '''': 1
  cm: 2.5399986284007405
mile:
  km: 1.60934
  ft: 5280
km:
  mile: 0.6213727366498067
  ft: 3280,84
cm:
  foot: 0.0328084
  inch: 0.393701
m:
  ft: 3.28084
  yard: 1.0936132983377078
yd:
  yard: 1
  ft: 3
  m: 0.9144
yard:
  yd: 1
  ft: 3
  m: 0.9144
lb:
  kg: 0.45359290943563974
kg:
  lb: 2.20462
  oz : 35,274
ounce:
  oz: 1
  g: 28.34949254408346
g:
  oz: 0.035274
oz:
  ounce: 1
  g: 28.34949254408346
gal:
  l: 3.78541
l:
  liter: 1
  gal: 0.26417217685798894
liter:
  l: 1
  gal: 0.26417217685798894
hr:
  hour: 1
  minute: 60
  day: 0.041666666666666664
hour:
  hr: 1
  minute: 60
  day: 0.041666666666666664
day:
  hour: 24
  week: 0.14285714285714285
week:
  hour: 168
  day: 7
fortnight:
  hour: 336
  day: 14
  week: 2